+9160510345
+79821347815
+79137537530
+79237274674
+79139393943
+79831267706
+79232494962
+79002379455
+79538654714
+79041431447
+79139459344
+79821347815
+79137537530
+79237274674
+79139393943
+79831267706
+79232494962
+79002379455
+79538654714
+79139459344
+79237058930
+79041431447
+79529004855
+79139561937
+79821347815
+79137537530
+79237274674
+79139393943
+79831267706
+79002379455
+79232494962
+79538654714
+79139459344
+79041431447
+79237058930
+79250035764
+79139561937
+79134711237
+79821347815
+79137537530
+79237274674
+79139393943
+79831267706
+79002379455
+79232494962
+79821347815
+79137537530
+79237274674
+79139393943
+79002379455
+79232494962
+79538654714
+79139459344
+79139459344
+79139561937
+79041431447
+79529004855
+79821347815
+79137537530
+79137537530
+79237274674
+79139393943
+79130003988
+79831267706
+79232494962
+79538654714
+79237058930
+79139561937
+79041431447
+79232494962
+79002379455
+79137537530
+79237274674
+79139393943
+79130003988
+79831267706
+79237058930
+79538654714
+79232494962
+79139459344
+79041431447
+79002379455
+79139561937
+79529004855
+79250035764
+79137770681
+79138928954
+79139462816
+79139459344
+79139293571
+79821347815
+79833025766
+79139533189
+79831267706
+79137537530
+79002379455
+79232494962
+79237058930
+79139459344
+79041431447
+79538654714
+79139561937
+79529004855
+79250035764
+79041431447
